10001100000010010000000000000000
10001100000010100000000000000100
10001100000010110000000000001000
10001100000011000000000000101000
10001100000011010000000000110000
10001100000011100000000000111000
00000001001011000111100000011000
00000001010011011000000000011000
00000001111100001000000000100000
00000001011011100111100000011000
00000001111100001000000000100000
10101100000100000000000001000000
10001100000010010000000000001100
10001100000010100000000000010000
10001100000010110000000000010100
00000001001011000111100000011000
00000001010011011000000000011000
00000001111100001000000000100000
00000001011011100111100000011000
00000001111100001000000000100000
10101100000100000000000001001000
10001100000010010000000000011000
10001100000010100000000000011100
10001100000010110000000000100000
00000001001011000111100000011000
00000001010011011000000000011000
00000001111100001000000000100000
00000001011011100111100000011000
00000001111100001000000000100000
10101100000100000000000001010000

